0 1
2 1
1 0
1 2
1 3
1 4
1 5
1 6
1 7
1 8
1 9
1 10
1 11
1 12
1 13
1 14
1 15
1 16
1 17
1 18
1 19
1 20
1 21
1 22
1 23
1 24
1 25
1 26
1 27
1 28
1 29
1 30
1 31
1 32
1 33
1 34
1 35
1 36
1 37
1 38
1 39
1 40
1 41
1 42
1 43
1 44
1 45
1 46
1 47
1 48
1 49
1 50
51 14
51 29
3 1
4 1
5 1
5 52
6 1
7 1
7 52
8 1
9 1
10 1
11 1
12 1
13 1
14 1
14 51
14 52
14 53
15 1
16 1
16 52
16 54
16 36
17 1
18 1
19 1
20 1
21 1
52 5
52 7
52 14
52 16
52 23
52 29
55 29
22 1
23 1
23 52
53 14
24 1
25 1
26 1
27 1
28 1
29 1
29 51
29 52
29 55
29 54
29 41
54 16
54 29
54 39
30 1
31 1
32 1
33 1
34 1
35 1
36 1
36 16
36 56
36 50
36 57
36 58
37 1
38 1
39 1
39 54
40 1
41 1
41 29
42 1
43 1
44 1
45 1
46 1
47 1
48 1
49 1
56 36
50 1
50 36
57 36
58 36
58 36
