59 27
0 60
0 27
1 27
51 27
60 0
60 61
4 27
5 27
5 62
7 62
63 27
8 27
9 27
10 27
11 27
12 27
14 27
15 27
16 27
17 27
18 27
19 27
64 65
20 27
21 27
52 27
55 62
23 27
23 62
24 27
66 62
67 27
25 27
68 27
27 59
27 0
27 1
27 51
27 4
27 5
27 63
27 8
27 9
27 10
27 11
27 12
27 14
27 15
27 16
27 17
27 18
27 19
27 20
27 21
27 52
27 23
27 24
27 67
27 25
27 68
27 69
27 28
27 29
27 30
27 70
27 31
27 32
27 35
27 36
27 37
27 71
27 72
27 39
27 73
27 42
27 74
27 75
69 27
28 27
29 27
29 62
76 62
54 62
77 62
30 27
78 62
70 27
31 27
32 27
61 60
35 27
36 27
79 62
37 27
71 27
80 62
72 27
39 27
81 62
41 62
73 27
62 5
62 7
62 55
62 23
62 66
62 29
62 76
62 54
62 77
62 78
62 79
62 80
62 81
62 41
62 82
62 42
62 43
62 44
62 45
62 83
82 62
42 27
42 62
43 62
44 62
45 62
65 64
74 27
75 27
83 62
83 62
