59 0
59 15
0 59
0 1
0 51
0 3
0 4
0 5
0 6
0 84
0 7
0 63
0 8
0 9
0 10
0 11
0 85
0 12
0 13
0 14
0 86
0 15
0 16
0 17
0 18
0 87
0 88
0 19
0 20
0 89
0 90
0 21
0 91
0 52
0 55
0 22
0 23
0 24
0 67
0 25
0 68
0 27
0 92
0 69
0 93
0 94
0 28
0 95
0 29
0 96
0 77
0 97
0 30
0 70
0 31
0 32
0 33
0 98
0 34
0 35
0 99
0 100
0 37
0 38
0 101
0 102
0 72
0 103
0 104
0 39
0 40
0 41
0 105
0 73
0 44
0 45
0 106
0 65
0 107
2 15
2 25
2 27
2 37
108 15
1 0
1 14
1 15
1 25
1 35
1 37
51 0
51 15
109 35
3 0
3 15
3 35
110 15
4 0
4 15
4 35
5 0
5 15
5 37
6 0
6 15
6 35
84 0
84 35
7 0
7 15
63 0
63 15
63 32
8 0
8 15
9 0
9 14
9 15
9 35
10 0
10 15
11 0
11 14
11 15
11 35
11 37
111 15
85 0
85 15
12 0
12 15
12 35
12 37
13 0
13 28
13 102
13 112
14 0
14 1
14 9
14 11
14 15
14 16
14 18
14 21
14 27
14 78
14 32
14 35
14 37
14 39
14 81
14 41
14 113
86 0
86 15
86 35
15 59
15 0
15 2
15 108
15 1
15 51
15 3
15 110
15 4
15 5
15 6
15 7
15 63
15 8
15 9
15 10
15 11
15 111
15 85
15 12
15 14
15 86
15 16
15 18
15 87
15 88
15 19
15 20
15 90
15 21
15 52
15 55
15 22
15 23
15 24
15 67
15 25
15 68
15 27
15 92
15 69
15 95
15 29
15 96
15 76
15 30
15 114
15 115
15 31
15 32
15 116
15 117
15 98
15 34
15 35
15 100
15 37
15 38
15 71
15 102
15 72
15 118
15 39
15 40
15 81
15 41
15 73
15 82
15 42
15 119
15 43
15 120
15 44
15 45
15 106
15 65
15 121
15 122
16 0
16 14
16 15
16 35
17 0
18 0
18 14
18 15
18 35
87 0
87 15
88 0
88 15
88 25
88 35
88 37
19 0
19 15
19 35
20 0
20 15
20 35
20 37
89 0
89 35
90 0
90 15
90 123
21 0
21 14
21 15
21 35
91 0
91 35
52 0
52 15
52 35
55 0
55 15
55 30
22 0
22 15
22 32
22 35
22 37
23 0
23 15
23 35
24 0
24 15
24 35
24 37
67 0
67 15
67 25
67 35
67 37
25 0
25 2
25 1
25 15
25 88
25 67
25 32
25 35
68 0
68 15
68 35
68 124
27 0
27 2
27 14
27 15
27 32
27 98
27 35
27 37
92 0
92 15
92 35
69 0
69 15
93 0
94 0
28 0
28 13
95 0
95 15
29 0
29 15
29 35
96 0
96 15
76 15
77 0
97 0
125 102
30 0
30 15
30 55
30 35
30 37
114 15
78 14
70 0
115 15
31 0
31 15
31 35
32 0
32 63
32 14
32 15
32 22
32 25
32 27
32 35
32 37
32 38
32 102
116 15
117 15
33 0
98 0
98 15
98 27
98 35
34 0
34 15
35 0
35 1
35 109
35 3
35 4
35 6
35 84
35 9
35 11
35 12
35 14
35 86
35 15
35 16
35 18
35 88
35 19
35 20
35 89
35 21
35 91
35 52
35 22
35 23
35 24
35 67
35 25
35 68
35 27
35 92
35 29
35 30
35 31
35 32
35 98
35 37
35 38
35 72
35 126
35 39
35 73
35 45
99 0
100 0
100 15
37 0
37 2
37 1
37 5
37 11
37 12
37 14
37 15
37 88
37 20
37 22
37 24
37 67
37 27
37 30
37 32
37 35
37 72
37 73
38 0
38 15
38 32
38 35
101 0
71 15
102 0
102 13
102 15
102 125
102 32
102 123
102 127
72 0
72 15
72 35
72 37
103 0
118 15
104 0
126 35
39 0
39 14
39 15
39 35
40 0
40 15
81 14
81 15
41 0
41 14
41 15
105 0
73 0
73 15
73 35
73 37
112 13
82 15
42 15
119 15
43 15
120 15
44 0
44 15
45 0
45 15
45 35
106 0
106 15
65 0
65 15
121 15
113 14
123 90
123 102
107 0
122 15
124 68
127 102
127 102
